37
0 1 2 3 4 5 6 7 8 9 10 11 12 13 14 15 16 17 18 19 20 21 22 23 24 25 26 27 28 29 30 31 32 33 34 35 36 
104
2 7
2 2
2 1
2 1
2 1
2 4
7 5
7 1
7 2
7 0
7 3
7 3
7 3
7 1
7 2
7 9
7 1
7 1
7 1
7 1
7 3
7 2
7 2
7 2
7 2
7 2
7 1
7 1
7 1
7 3
7 1
7 3
7 3
7 2
7 1
7 3
7 2
7 6
7 2
7 8
7 4
5 0
5 1
5 1
1 2
1 3
1 3
1 3
2 2
2 3
2 8
2 3
0 1
0 1
3 2
3 3
3 1
3 2
3 2
3 1
3 2
3 2
3 3
3 8
1 2
1 2
1 3
1 2
2 2
2 3
2 2
9 2
9 1
1 2
1 2
1 1
1 1
1 4
1 1
1 1
1 2
1 6
3 2
3 3
3 3
2 3
2 2
2 3
2 3
2 3
2 1
2 1
2 4
2 1
2 6
2 3
2 8
1 1
1 4
3 3
1 4
3 8
1 6
1 2
