32
0 1 2 3 4 5 6 7 8 9 10 11 12 13 14 15 16 17 18 19 20 21 22 23 24 25 26 27 28 29 30 31 
147
2 2
2 5
2 2
2 2
2 4
7 2
7 1
7 2
7 3
7 1
7 1
7 1
7 1
7 1
7 1
7 1
7 2
7 2
5 2
5 2
5 2
5 4
1 2
1 1
1 1
1 3
1 1
1 1
1 1
1 1
1 1
1 2
1 2
1 2
2 9
2 2
2 1
2 2
0 8
0 2
3 2
3 1
3 2
3 1
3 1
3 1
3 1
3 1
3 1
3 2
3 2
3 1
3 1
3 3
3 2
3 6
3 2
3 2
1 9
1 2
1 2
2 2
2 2
2 4
9 2
9 2
1 1
1 3
1 2
1 6
1 2
1 2
1 2
1 1
1 1
1 1
1 1
1 1
1 1
1 2
1 2
1 2
1 2
1 1
1 1
1 1
1 1
1 2
1 1
1 2
1 2
1 2
1 1
1 2
1 1
1 1
1 1
1 2
1 2
3 1
3 2
3 6
3 2
3 2
2 1
2 2
2 6
2 2
2 1
2 2
2 1
2 1
2 1
2 2
2 2
2 2
2 4
1 1
1 1
1 1
1 2
1 2
1 2
2 1
2 1
2 1
2 2
2 2
1 1
1 1
1 2
1 2
2 1
2 1
2 1
2 2
2 2
2 6
2 2
2 8
2 4
1 2
1 6
1 1
1 2
1 2
2 6
