22
0 1 2 3 4 5 6 7 8 9 10 11 12 13 14 15 16 17 18 19 20 21 
163
7 3
7 5
7 2
7 1
5 2
5 3
5 1
1 2
1 3
0 1
0 2
0 1
0 1
0 8
0 1
0 1
0 9
0 1
0 1
0 1
0 1
0 1
0 2
0 6
0 2
0 4
3 2
1 1
1 2
1 1
1 1
1 8
1 1
1 9
1 1
1 1
1 1
1 1
1 1
1 2
1 6
1 2
1 4
1 2
1 1
1 1
1 8
1 1
1 9
1 1
1 1
1 1
1 1
1 1
1 2
1 6
1 2
1 4
1 2
1 1
1 8
1 1
1 1
1 9
1 1
1 1
1 1
1 1
1 2
1 6
1 2
1 4
1 1
1 2
1 2
1 8
1 1
1 1
1 9
1 1
1 1
1 1
1 6
1 2
1 4
1 2
1 1
1 8
1 1
1 9
1 1
1 1
1 2
1 1
1 6
1 2
1 4
9 2
9 1
9 8
9 1
9 1
9 1
9 1
9 2
9 6
9 2
9 4
2 1
2 2
2 1
2 1
2 8
2 1
2 1
2 2
2 6
2 4
2 1
2 1
2 2
2 1
2 1
2 1
2 6
2 8
2 4
1 1
1 1
1 8
1 1
1 1
1 2
1 6
1 4
1 2
1 8
1 1
1 1
1 1
1 6
1 4
1 1
1 8
1 1
1 2
1 6
1 4
1 2
1 8
1 1
1 6
1 4
2 8
2 1
2 6
2 4
1 8
1 6
1 4
6 8
6 4
8 4
