34
0 1 2 3 4 5 6 7 8 9 10 11 12 13 14 15 16 17 18 19 20 21 22 23 24 25 26 27 28 29 30 31 32 33 
112
2 1
2 2
2 2
2 5
2 1
7 1
7 8
7 3
7 6
7 2
5 1
5 2
5 1
5 2
1 2
1 0
1 3
1 3
1 2
1 2
1 4
2 1
2 2
2 2
2 1
2 1
0 2
0 3
0 3
0 2
0 2
0 4
3 2
3 2
3 2
3 3
3 4
3 2
3 2
3 1
3 1
3 1
3 1
3 6
3 2
3 8
1 2
1 2
1 1
1 1
2 1
2 2
2 1
2 1
9 2
9 2
9 2
9 3
9 1
9 2
1 2
1 1
1 1
1 2
1 1
1 2
1 2
1 1
1 6
1 8
1 2
3 2
3 2
3 2
3 2
3 1
2 2
2 2
2 2
2 2
2 1
2 2
2 1
2 1
2 1
2 1
2 3
2 2
2 6
2 2
2 8
2 4
2 2
2 2
2 1
2 2
2 1
2 2
2 1
2 3
2 2
2 4
2 1
2 1
1 2
1 2
1 1
3 2
3 4
2 2
2 4
6 8
