8711
28596
6700
25924
20690
1084
34632
4329
6264
11129
25529
29
4249
1319
42363
1480
34222
3056
3718
35317
42160
2407
14454
8116
1126
1640
129
34223
101
1318
32861
25528
7190
13071
14285
20691
25931
6073
13271
1078
3109
20687
28556
40198
8510
40403
20452
9008
21823
4510
12543
1497
117
34221
5424
5418
1118
301
3082
6850
28436
35329
10625
1131
22330
9948
7795
1496
2821
4511
6448
32876
11063
3487
4303
2028
260
20679
38963
20692
6074
20696
10972
10557
3440
9031
32866
32872
106
25315
8893
7544
1135
6896
13466
1860
3939
462
37506
13467
6897
22447
31573
23611
16872
37658
18877
29472
3441
1524
12355
6263
265
25923
20697
20695
28587
24418
6261
24829
14929
13908
717
2629
22445
7962
1485
2198
2417
3053
18530
28430
307
474
42165
38434
892
22444
1453
7022
9769
39
19439
21824
14733
2012
12430
5580
5594
4852
34144
27892
1731
25934
2204
16369
34876
5256
1018
7469
35215
4821
10095
3343
5726
10254
14973
36522
30972
38309
1622
3753
2459
22635
16585
412
8161
11215
2869
30026
9900
1409
12536
13947
14972
770
12324
8571
7124
7468
4613
2262
1025
3140
14219
2274
4177
3181
15844
9679
2738
7898
11808
982
11015
61
10337
606
9902
1153
41420
3036
1621
31110
376
377
31111
6615
10134
29789
10108
15064
149
4200
39968
5650
5056
1973
1967
5297
9334
1768
7319
33689
39373
213
16637
2729
64
58
165
171
1156
31897
23539
36652
428
16597
26332
3595
164
1341
1584
21071
5047
10247
9641
2714
39372
10092
1989
33688
34873
5521
39370
15842
576
10292
3391
10319
4549
15507
22368
5327
13374
5496
1828
402
1626
6613
99
18977
1430
985
10907
15843
1034
6001
23495
1763
4633
4141
3362
9129
6226
4343
21043
2097
35383
8627
36649
3969
11585
35341
2479
34936
30013
23721
10300
802
4
2096
30615
11181
37146
2727
8949
2243
13231
4618
11424
4142
7339
1990
14560
11395
22993
960
40
36306
2692
9274
10100
3759
6153
425
23247
4962
6152
10101
2693
96
2687
20565
4590
55
2644
39961
1371
21733
949
14561
22766
15874
4190
6963
16602
11145
45
51
3576
9926
2324
3760
7512
408
346
4967
21332
347
36114
31109
3761
8152
8393
93
78
810
39958
2906
13747
5066
30808
7895
227
3832
23492
1016
29815
12115
1980
6035
11422
5500
1969
15693
28512
8959
2051
2079
11146
11807
812
1404
5676
13194
3777
5460
8805
28328
36116
379
3944
23527
36658
6800
34728
31136
21331
23526
26304
3776
2865
37745
9930
38310
634
6395
30002
90
34264
1439
53
7869
6578
2050
230
10098
6785
27860
15839
257
33168
18104
2745
17586
6286
2631
2143
2802
7946
6669
30298
3063
1884
40757
9599
3936
32303
3937
28367
450
8889
487
8651
34216
39054
2195
18930
21
12206
4241
9981
31568
10559
13050
4686
20115
25737
242
3894
38969
1065
1703
3666
3882
526
4445
10567
27320
34412
4492
37
136
2418
485
7574
1105
14311
334
1688
23557
1104
6496
29522
34215
645
4256
7763
35057
10566
5014
17221
35269
3893
251
13916
2964
1316
28162
1855
35330
7216
9944
126
1317
20477
36598
18881
913
5039
1539
250
7410
6732
1711
1088
28571
3310
21019
1315
7764
2350
28388
5403
1856
7567
28148
3265
858
23784
1300
6447
20448
14921
9614
2027
10945
7413
3107
