118
724
773
636
509
1300
765
270
1269
1286
95
437
1402
821
1394
1414
476
378
397
1064
401
1249
786
155
1475
440
694
102
207
354
1361
704
568
138
991
60
180
495
928
36
247
752
302
1225
640
98
1376
1008
1423
380
441
292
768
787
1177
142
1032
1120
400
953
1291
477
1157
1383
359
1100
565
436
1116
898
877
174
363
226
1090
508
908
1086
1069
391
796
145
1170
1465
450
1035
446
692
1424
893
344
1371
128
578
352
702
755
1330
186
237
149
11
1193
775
1310
1490
1185
763
1243
626
50
1078
1003
173
523
1238
1107
889
759
471
1014
534
1413
1405
1147
1096
1491
918
774
324
1311
689
47
959
187
646
353
980
650
938
257
1219
152
502
851
781
406
33
350
215
645
595
346
1236
1324
741
413
556
1164
628
278
1308
452
517
405
1125
393
239
1447
68
1040
1410
1113
825
960
1168
848
1345
1082
1128
1201
1190
799
326
449
1186
1305
53
737
367
1000
259
127
1407
432
598
131
561
86
1387
865
920
473
668
238
1061
404
1124
111
1466
453
1036
1173
1020
445
1165
384
1325
1260
982
1276
869
1292
474
1011
1103
1379
659
570
435
1400
874
675
730
1247
767
1181
1482
663
1343
819
497
35
182
1363
985
1375
340
655
205
747
1070
1135
100
911
442
116
815
951
1122
814
455
843
290
1026
228
382
1071
1266
603
879
480
896
341
984
592
1362
707
992
63
8
750
479
14
1315
320
336
766
1092
731
875
463
434
1051
1397
137
1417
1381
38
863
