1087
548
40
1438
1068
374
1341
1204
231
661
17
1480
1195
909
289
1316
323
266
1253
159
1496
1183
1479
1029
335
1245
620
56
1091
948
732
698
1357
362
677
227
1212
1005
1455
460
933
899
876
175
1140
525
749
319
964
1052
572
1117
122
1044
421
7
972
83
837
134
1101
564
1382
1228
708
358
925
1443
1013
533
1156
499
163
860
1290
728
682
1208
817
114
1121
544
1434
952
285
790
513
1176
143
840
905
456
1199
1463
1033
293
769
339
856
1160
505
1025
913
381
552
1137
801
944
417
1422
1072
1265
250
600
315
1320
745
895
1459
196
1009
529
483
179
21
1398
657
1232
712
1377
342
591
968
99
76
987
1224
211
641
1418
587
1048
616
246
1273
753
1336
303
929
883
37
181
882
494
617
1272
1337
1419
1049
586
569
139
61
990
210
355
1360
705
590
969
986
77
656
1399
206
1233
713
343
894
197
1458
528
482
178
20
1264
251
601
314
1321
744
553
1136
103
800
945
416
1073
695
857
154
1161
504
1024
1474
912
338
1248
512
841
904
1198
457
1462
284
791
816
115
545
1065
1435
729
683
379
396
1209
924
1442
1012
532
498
162
861
1229
709
1045
1415
420
82
973
6
836
135
1395
965
94
1403
1053
573
123
820
1268
1287
748
318
1004
1454
461
932
1141
524
733
1356
699
676
1213
57
949
334
1301
764
1244
271
621
1497
158
1182
1478
1028
288
772
1317
322
637
267
1252
16
1481
1194
375
1340
725
1205
230
660
549
119
41
1439
684
1127
112
542
811
954
1062
407
1432
329
283
779
1259
846
515
903
295
780
1166
153
503
850
915
1023
1189
1473
368
738
1218
387
807
554
104
1131
411
1074
942
256
1263
606
1326
313
743
190
939
27
485
651
1234
201
714
1058
597
1408
70
981
217
1222
647
1388
1367
581
89
978
997
66
610
1275
240
305
885
1019
1449
493
169
539
31
46
1081
958
1347
688
372
722
1202
667
1486
519
1039
1469
325
630
1255
260
919
1306
333
299
276
108
558
1097
1428
734
364
1351
671
1214
221
935
466
1453
489
1146
870
1280
1404
431
1054
93
962
827
574
124
1111
1392
348
718
1
974
85
1042
427
1412
132
562
831
1384
1445
470
1015
923
866
535
165
1150
1279
309
1296
1278
308
758
1297
1444
888
922
867
164
1151
1385
84
975
0
1043
426
1106
133
563
830
1239
1393
349
719
430
1055
963
92
826
575
125
1110
1281
934
1002
467
1452
488
172
522
871
735
365
1350
670
1215
220
109
559
51
1079
1429
1307
332
298
762
277
1242
627
1184
631
1254
261
148
1487
518
10
1038
1192
1468
1346
373
723
236
1203
666
1080
884
1018
1448
492
168
538
30
611
1274
241
754
304
1331
580
979
88
67
996
216
1223
1389
1366
703
596
1059
1409
129
579
71
1235
200
715
345
1370
191
892
26
484
1262
607
1327
312
742
806
555
105
1130
1425
410
1075
943
693
369
739
386
1167
914
1022
447
1188
1472
294
847
514
144
1171
1464
451
1034
902
328
282
778
1258
797
1126
113
543
810
955
1063
1433
685
390
868
491
184
887
1298
757
307
1332
612
1277
242
1109
64
995
429
583
1365
700
1220
829
983
72
716
1373
653
203
487
1148
25
891
192
468
311
254
1261
604
940
1426
1076
1099
106
1133
805
385
690
1021
444
1471
917
852
151
501
782
297
901
1467
1037
1488
147
1172
844
794
281
1060
1430
956
813
48
110
540
669
1349
686
1294
537
167
1152
864
921
188
472
1017
1369
649
1386
219
833
999
1105
130
560
425
87
976
3
1390
576
126
91
1406
433
1056
599
1282
1328
608
258
872
29
1144
171
521
1001
464
1451
937
389
673
1216
223
736
366
1353
809
52
1095
274
1241
624
1304
331
761
1187
448
1492
632
798
1257
262
777
327
1312
1191
13
1484
235
1200
665
370
720
409
1083
1129
44
408
45
234
664
1344
371
721
849
12
1485
633
1256
263
776
1313
1493
1169
275
1240
625
330
760
808
1094
388
672
1217
222
1352
873
28
1145
170
520
465
1450
936
1283
1329
609
577
1112
824
90
961
1057
1391
832
69
998
1104
1041
424
1411
2
977
1368
648
218
536
166
1153
1446
189
1016
1295
392
687
1348
1431
957
812
49
541
795
280
900
516
146
1489
845
629
783
279
296
1309
1470
916
853
150
500
691
941
1427
412
1077
1098
557
107
1132
804
310
740
255
605
1149
486
24
890
193
469
717
347
1372
652
1237
202
828
73
594
1364
351
701
214
1221
644
1108
994
65
428
582
756
1299
306
1333
613
243
32
490
185
886
1338
248
618
39
862
531
1154
161
1441
927
1380
136
566
835
81
970
5
589
1046
1416
423
209
1396
78
989
823
1115
120
1050
966
97
1284
177
1142
527
931
1007
1457
198
462
225
1210
1355
360
419
1139
1093
54
788
272
622
337
1302
858
1494
634
264
1251
771
1314
321
458
1197
1178
15
1206
233
399
376
726
42
1085
1158
881
478
751
1334
301
614
244
1271
62
993
839
585
9
356
706
1226
213
643
1119
74
593
439
710
1230
23
878
481
194
897
317
1322
1288
1267
252
602
415
1420
946
58
803
550
229
383
679
696
1359
1027
1477
157
1498
1162
507
854
784
291
454
1461
1031
907
19
842
511
1174
141
792
268
638
1318
287
950
1066
1436
403
1123
1089
546
395
680
394
681
1067
1437
402
117
547
1088
793
269
639
1319
286
1460
1030
906
18
510
1175
140
785
910
1476
443
1499
156
1163
506
855
678
1358
697
414
1421
947
59
802
551
1134
101
316
1323
1289
746
253
22
195
711
1374
654
204
1231
1118
75
438
357
1227
212
642
838
584
1335
300
615
245
1270
496
1159
34
880
183
43
818
1084
1207
232
398
662
377
1342
727
1196
459
1483
1179
635
265
1250
770
1180
859
1495
789
1246
273
623
1303
418
1138
55
674
224
1211
1354
361
176
1143
526
930
1006
199
1456
1285
988
79
822
571
1114
121
1401
96
967
1378
208
658
1102
567
834
4
971
80
1047
588
422
530
1155
160
475
1440
1010
926
1339
1293
249
619
