28
0 1 2 3 4 5 6 7 8 9 10 11 12 13 14 15 16 17 18 19 20 21 22 23 24 25 26 27 
121
7 2
7 1
7 1
7 1
7 0
7 2
7 2
7 1
7 2
7 1
5 1
5 2
5 1
5 9
5 3
5 1
5 8
5 1
1 2
1 2
1 1
1 8
1 1
1 4
0 2
0 1
0 1
0 1
0 2
0 2
0 1
0 2
0 1
3 1
3 2
3 1
3 9
3 8
3 1
3 1
1 2
1 1
1 1
1 1
1 2
1 2
1 1
1 2
2 1
2 1
2 1
2 2
2 2
2 1
2 2
9 1
9 2
9 1
9 1
9 8
9 1
1 1
1 1
1 2
1 2
1 2
1 1
1 1
1 1
1 2
1 2
1 2
1 1
1 1
1 1
1 2
1 1
1 2
1 1
1 2
1 2
1 6
1 2
1 8
1 4
1 2
1 2
1 1
1 2
1 1
1 2
1 8
1 1
2 2
2 6
2 1
2 2
2 1
2 8
2 4
2 1
2 8
2 1
1 2
1 2
1 2
2 1
2 6
1 1
1 8
2 1
2 8
2 4
1 8
1 4
1 6
1 8
2 2
2 2
2 2
8 4
