33
0 1 2 3 4 5 6 7 8 9 10 11 12 13 14 15 16 17 18 19 20 21 22 23 24 25 26 27 28 29 30 31 32 
122
2 0
2 3
2 2
2 6
2 1
7 1
7 1
7 1
7 1
7 8
7 2
7 3
7 2
5 1
5 2
5 9
5 8
5 1
5 3
1 3
1 3
1 3
1 3
1 4
2 2
2 2
2 1
2 2
2 3
2 1
2 2
0 3
0 2
0 6
0 1
3 3
3 3
3 3
3 4
3 3
3 3
3 4
3 3
3 4
1 2
1 2
1 1
1 2
1 3
1 2
2 2
2 1
2 2
2 3
2 2
9 1
9 2
9 1
9 8
9 3
1 1
1 1
1 8
1 2
1 3
1 2
1 1
1 1
1 3
1 2
1 2
1 1
1 1
1 8
1 2
1 3
1 2
1 1
1 2
1 8
1 3
3 2
3 2
3 2
3 1
3 2
3 1
3 2
3 1
3 1
3 1
3 2
3 2
3 6
3 2
3 8
3 4
2 1
2 2
2 8
2 1
2 2
2 2
2 1
2 8
1 2
1 6
2 1
2 2
1 1
1 8
2 1
1 2
1 1
1 2
1 8
1 2
1 2
1 8
2 2
2 8
6 2
