24
0 1 2 3 4 5 6 7 8 9 10 11 12 13 14 15 16 17 18 19 20 21 22 23 
109
7 9
7 1
7 2
7 1
7 1
7 0
7 1
7 1
7 2
7 2
7 4
5 1
5 2
5 6
5 1
5 0
1 9
1 1
1 2
1 1
1 0
1 1
1 1
1 2
1 2
1 4
0 3
0 1
0 1
0 1
0 1
0 1
0 9
0 2
0 2
0 2
0 1
0 1
0 1
0 1
0 2
0 1
0 2
0 6
0 8
0 4
3 1
3 1
3 1
3 8
3 2
3 1
1 2
1 6
1 1
1 1
1 1
1 2
1 8
1 1
1 1
1 2
1 2
1 1
1 9
1 1
1 2
1 4
1 1
1 1
1 2
1 8
1 1
1 2
1 1
1 9
1 2
1 2
1 4
9 2
9 1
9 1
9 2
9 2
9 4
2 1
2 2
2 1
2 2
2 4
2 1
2 2
2 1
2 4
2 1
2 1
2 4
1 1
1 2
1 8
1 2
1 8
1 2
1 6
1 1
1 4
2 6
1 4
2 8
