36
0 1 2 3 4 5 6 7 8 9 10 11 12 13 14 15 16 17 18 19 20 21 22 23 24 25 26 27 28 29 30 31 32 33 34 35 
100
2 1
2 3
2 2
2 2
2 2
7 1
7 1
7 2
7 1
5 9
5 1
5 1
5 1
5 1
1 1
1 2
1 1
2 3
2 2
2 2
2 1
0 8
0 3
0 1
0 4
3 2
3 2
3 3
3 3
3 1
3 1
3 2
3 2
3 2
3 2
3 3
3 1
1 2
1 2
1 1
2 3
2 2
2 1
9 1
9 1
9 1
9 1
1 1
1 1
1 1
1 1
1 1
1 3
1 2
1 2
1 2
1 2
1 2
1 1
1 2
1 1
1 3
1 1
1 3
1 1
1 1
1 3
1 2
1 6
1 2
1 8
1 4
1 1
1 3
1 2
1 1
1 2
3 8
3 4
2 2
2 1
2 1
2 3
2 2
2 2
2 3
2 6
2 1
2 3
1 1
1 3
2 1
2 6
2 3
1 3
1 6
1 1
3 1
3 6
8 4
