22
0 1 2 3 4 5 6 7 8 9 10 11 12 13 14 15 16 17 18 19 20 21 
127
7 1
7 1
7 1
7 1
7 9
7 3
7 6
7 8
5 2
5 0
5 2
5 1
5 1
5 1
5 1
5 1
5 1
5 1
5 1
5 2
5 4
1 2
1 0
1 2
1 1
1 1
1 1
1 1
1 1
1 1
1 1
1 2
1 4
0 2
0 1
0 1
0 1
0 1
0 1
0 1
0 2
0 1
0 2
0 4
3 1
3 1
3 1
3 1
3 9
3 8
3 6
1 2
1 1
1 2
1 1
1 1
1 1
1 1
1 1
1 2
1 4
1 1
1 1
1 1
1 9
1 6
1 8
1 2
1 1
1 2
1 1
1 1
1 1
1 1
1 1
1 9
1 1
1 6
1 8
1 2
1 4
1 2
1 2
1 1
1 1
1 1
1 1
1 2
1 4
1 1
1 9
1 6
1 8
9 1
9 6
9 8
2 2
2 2
2 1
2 1
2 1
2 1
2 4
2 2
2 1
2 1
2 1
2 1
2 4
1 1
1 1
1 2
1 1
1 4
1 2
1 1
1 1
1 4
1 2
1 1
1 4
1 6
1 8
2 1
2 4
1 4
6 8
